27145356 21.75 71.15 
27150403 21.75 71.15 
27151410 22.0 71.6 
27152417 22.062 71.7116 
27153423 22.187 71.9366 
27154430 22.25 72.05 
27155437 22.187 71.9366 
27160444 22.25 72.05 
27161451 22.437 72.3866 
27162457 22.562 72.61160000000001 
27163504 22.5 72.5 
27164511 22.687 72.8366 
27165518 22.375 72.275 
27170525 22.312 72.1616 
27171531 22.312 72.1616 
27172538 22.312 72.1616 
27173545 22.5 72.5 
27174552 22.375 72.275 
27175559 22.312 72.1616 
27180605 22.312 72.1616 
27181612 22.312 72.1616 
27182619 22.312 72.1616 
27183626 22.25 72.05 
27184633 22.125 71.825 
27185639 22.062 71.7116 
27190646 22.0 71.6 
27191653 21.937 71.48660000000001 
27192700 21.937 71.48660000000001 
27193707 21.937 71.48660000000001 
27194713 22.062 71.7116 
27195720 22.75 72.95 
27200727 22.625 72.725 
27201734 22.937 73.2866 
27202740 23.125 73.73660000000001 
27203747 23.062 73.5116 
27204754 23.562 74.4116 
27205801 23.75 74.75 
27210808 23.687 74.6366 
27211814 24.062 75.3116 
27212821 24.062 75.3116 
27213828 23.937 75.0866 
27214835 23.937 75.0866 
27215842 24.062 75.3116 
27220848 24.062 75.3116 
27221855 24.125 75.425 
27222902 24.125 75.3116 
27223909 24.062 75.425 
27224916 24.125 75.425 
27225922 24.125 75.425 
27230929 24.0 75.2 
27231936 23.937 75.0866 
27232943 23.937 75.0866 
27233949 23.875 74.975 
27234956 23.75 74.75 
28000003 23.687 74.6366 
28001010 23.5 74.3 
28002016 23.312 73.9616 
28003023 23.25 73.85 
28004030 23.062 73.5116 
28005037 22.937 73.2866 
28010044 22.937 73.175 
28011050 22.75 72.95 
28012057 22.75 73.0616 
28013104 22.562 72.61160000000001 
28014111 22.562 72.61160000000001 
28015118 22.375 72.275 
28020124 22.25 72.1616 
28021131 22.375 72.275 
28022138 22.25 72.05 
28023145 22.25 72.05 
28024152 22.375 72.1616 
28025158 21.625 70.925 
28030205 21.312 70.36160000000001 
28031212 20.937 69.575 
28032219 20.687 69.23660000000001 
28033226 20.375 68.675 
28034232 20.187 68.3366 
28035239 20.0 68.0 
28040246 19.812 67.6616 
28041253 19.625 67.325 
28042300 19.5 67.1 
28043306 19.375 66.875 
28044313 19.312 66.7616 
28045320 19.187 66.5366 
28050327 19.0 66.2 
28051334 18.875 65.975 
28052340 18.75 65.75 
28053347 19.062 66.3116 
28054354 18.937 66.2 
28055401 19.187 66.5366 
28060408 19.437 66.98660000000001 
28061414 19.562 67.2116 
28062421 19.687 67.325 
28063428 19.875 67.775 
28064435 19.875 67.8866 
28065442 19.875 67.775 
28070448 20.062 68.11160000000001 
28071455 20.062 68.11160000000001 
28072502 20.187 68.3366 
28073509 20.5 68.9 
28074516 20.75 69.35 
28075522 21.0 69.8 
28080529 21.312 70.36160000000001 
28081536 21.562 70.8116 
28082543 21.75 71.15 
28083550 21.812 71.2616 
28084556 21.937 71.48660000000001 
28085603 22.125 71.9366 
28090610 22.187 71.9366 
28091617 22.25 72.05 
28092624 22.375 72.275 
28093630 22.375 72.275 
28094637 22.375 72.275 
28095644 22.375 72.275 
28100651 22.312 72.05 
28101658 22.25 72.05 
28102704 22.125 71.825 
28103711 22.062 71.7116 
28104718 22.062 71.6 
28105725 21.937 71.48660000000001 
28110731 21.875 71.375 
28111738 21.75 71.15 
28112745 21.687 71.0366 
28113752 21.687 71.0366 
28114759 21.625 70.8116 
28115805 21.5 70.7 
28120812 21.437 70.5866 
28121819 21.312 70.36160000000001 
28122826 21.25 70.25 
28123833 21.187 70.1366 
28124839 21.125 70.025 
28125846 21.062 69.9116 
28130853 21.0 69.8 
28131900 20.875 69.575 
28132907 20.75 69.35 
28133913 20.562 69.0116 
28134920 20.562 69.0116 
28135927 21.0 69.8 
28140934 21.25 70.25 
28141941 21.375 70.475 
28142947 21.375 70.475 
28143954 21.5 70.5866 
28145001 21.625 70.925 
28150008 21.625 71.0366 
28151015 21.937 71.48660000000001 
